Query1 -> (What are the actual risks of giving www-data sudo nopasswd access?, WebNinja)
Query 2 -> [15811, 449, 158442, 167850, 367165, 295286, 59676, 93977, 35795, 3940]
Query 3 -> (3667, 4102)
Query 4 -> [276029, 276174, 274316, 274324, 274462, 272937, 274100, 274141, 272565, 272666, 272754, 272813, 272313, 272450, 271816, 271647, 271683, 270853, 270188, 270488, 270528, 270608, 269781, 269876, 270014, 269095, 268501, 268155, 267625, 267656, 267746, 266742, 266335, 266016, 265347, 265443, 265483, 265531, 265028, 265067, 265104, 264525, 264616, 264764, 264762, 264292, 263740, 263816, 263378, 263405, 263460, 263253, 262574, 262733]
Query 5 -> (<p>Coder. JS, Perl, Python, Basic<br>Books/movies: SF+F.<br>Dead: dell 9300<br>Dead: dell 1720 as of may 10th 2011.</p>

<p>Current system: Acer Aspire 7750G.<br>
Works OOTB as of Ubuntu 12.04.<br></p>
, [982455, 982507, 980877, 980189, 980197, 976713, 974359, 974412, 973838, 973895])
Query6 -> [701775, 697197, 694560, 696641, 704208]
Query 7 -> [506510, 505368, 505581, 508138, 506490, 508745, 508763, 509174, 505546, 505694]
Query 8 -> [975754, 921207, 898568, 855974, 852591, 847418, 839113, 836610, 828330, 785574]
Query 9 -> [746818, 743524, 736987, 726623, 700296, 672223, 671726, 647850, 632645, 625276, 562921, 514549, 510219, 493723, 465650, 448015, 436837, 434154, 370957, 346592, 315413, 279899, 168919, 126153, 97810, 80225, 51854, 51036, 49248, 48700, 44089, 31618]
Query 10 -> 5963
Query 11 -> [6, 29, 72, 163, 193]
